0 1 1495
0 2 381
0 3 2012
0 4 1156
0 5 990
0 6 763
0 7 178
0 8 146
0 9 1788
0 10 541
0 11 507
0 12 749
0 13 696
0 14 408
0 15 317
0 16 1212
0 17 714
0 18 1081
0 19 717
1 0 1495
1 2 1134
1 3 636
1 4 582
1 5 2206
1 6 2055
1 7 1640
1 8 1590
1 9 736
1 10 1312
1 11 1493
1 12 1149
1 13 988
1 14 1551
1 15 1243
1 16 2360
1 17 2004
1 18 2290
1 19 1614
2 0 381
2 1 1134
2 3 1632
2 4 777
2 5 1163
2 6 971
2 7 551
2 8 457
2 9 1411
2 10 374
2 11 481
2 12 473
2 13 349
2 14 475
2 15 300
2 16 1359
2 17 918
2 18 1254
2 19 686
3 0 2012
3 1 636
3 2 1632
3 4 885
3 5 2550
3 6 2443
3 7 2175
3 8 2081
3 9 443
3 10 1697
3 11 1880
3 12 1480
3 13 1384
3 14 1968
3 15 1805
3 16 2662
3 17 2396
3 18 2623
3 19 1940
4 0 1156
4 1 582
4 2 777
4 3 885
4 5 1685
4 6 1564
4 7 1328
4 8 1209
4 9 636
4 10 814
4 11 998
4 12 608
4 13 499
4 14 1084
4 15 1005
4 16 1818
4 17 1516
4 18 1764
4 19 1078
5 0 990
5 1 2206
5 2 1163
5 3 2550
5 4 1685
5 6 235
5 7 1015
5 8 844
5 9 2191
5 10 895
5 11 716
5 12 1077
5 13 1218
5 14 689
5 15 1289
5 16 230
5 17 278
5 18 93
5 19 610
6 0 763
6 1 2055
6 2 971
6 3 2443
6 4 1564
6 5 235
6 7 780
6 8 617
6 9 2110
6 10 753
6 11 567
6 12 965
6 13 1077
6 14 507
6 15 1069
6 16 464
6 17 53
6 18 322
6 19 531
7 0 178
7 1 1640
7 2 551
7 3 2175
7 4 1328
7 5 1015
7 6 780
7 8 227
7 9 1961
7 10 708
7 11 648
7 12 923
7 13 873
7 14 533
7 15 412
7 16 1243
7 17 737
7 18 1103
7 19 844
8 0 146
8 1 1590
8 2 457
8 3 2081
8 4 1209
8 5 844
8 6 617
8 7 227
8 9 1830
8 10 506
8 11 425
8 12 737
8 13 724
8 14 307
8 15 459
8 16 1067
8 17 568
8 18 935
8 19 617
9 0 1788
9 1 736
9 2 1411
9 3 443
9 4 636
9 5 2191
9 6 2110
9 7 1961
9 8 1830
9 10 1389
9 11 1564
9 12 1154
9 13 1107
9 14 1668
9 15 1639
9 16 2282
9 17 2066
9 18 2258
9 19 1588
10 0 541
10 1 1312
10 2 374
10 3 1697
10 4 814
10 5 895
10 6 753
10 7 708
10 8 506
10 9 1389
10 11 185
10 12 242
10 13 325
10 14 279
10 15 645
10 16 1060
10 17 703
10 18 980
10 19 331
11 0 507
11 1 1493
11 2 481
11 3 1880
11 4 998
11 5 716
11 6 567
11 7 648
11 8 425
11 9 1564
11 10 185
11 12 411
11 13 510
11 14 128
11 15 698
11 16 893
11 17 518
11 18 804
11 19 219
12 0 749
12 1 1149
12 2 473
12 3 1480
12 4 608
12 5 1077
12 6 965
12 7 923
12 8 737
12 9 1154
12 10 242
12 11 411
12 13 204
12 14 519
12 15 773
12 16 1214
12 17 918
12 18 1156
12 19 470
13 0 696
13 1 988
13 2 349
13 3 1384
13 4 499
13 5 1218
13 6 1077
13 7 873
13 8 724
13 9 1107
13 10 325
13 11 510
13 12 204
13 14 586
13 15 640
13 16 1375
13 17 1027
13 18 1302
13 19 631
14 0 408
14 1 1551
14 2 475
14 3 1968
14 4 1084
14 5 689
14 6 507
14 7 533
14 8 307
14 9 1668
14 10 279
14 11 128
14 12 519
14 13 586
14 15 641
14 16 886
14 17 455
14 18 780
14 19 312
15 0 317
15 1 1243
15 2 300
15 3 1805
15 4 1005
15 5 1289
15 6 1069
15 7 412
15 8 459
15 9 1639
15 10 645
15 11 698
15 12 773
15 13 640
15 14 641
15 16 1505
15 17 1018
15 18 1381
15 19 917
16 0 1212
16 1 2360
16 2 1359
16 3 2662
16 4 1818
16 5 230
16 6 464
16 7 1243
16 8 1067
16 9 2282
16 10 1060
16 11 893
16 12 1214
16 13 1375
16 14 886
16 15 1505
16 17 506
16 18 151
16 19 746
17 0 714
17 1 2004
17 2 918
17 3 2396
17 4 1516
17 5 278
17 6 53
17 7 737
17 8 568
17 9 2066
17 10 703
17 11 518
17 12 918
17 13 1027
17 14 455
17 15 1018
17 16 506
17 18 368
17 19 494
18 0 1081
18 1 2290
18 2 1254
18 3 2623
18 4 1764
18 5 93
18 6 322
18 7 1103
18 8 935
18 9 2258
18 10 980
18 11 804
18 12 1156
18 13 1302
18 14 780
18 15 1381
18 16 151
18 17 368
18 19 686
19 0 717
19 1 1614
19 2 686
19 3 1940
19 4 1078
19 5 610
19 6 531
19 7 844
19 8 617
19 9 1588
19 10 331
19 11 219
19 12 470
19 13 631
19 14 312
19 15 917
19 16 746
19 17 494
19 18 686
