0 1 107
0 2 241
0 3 190
0 4 124
0 5 80
0 6 316
0 7 76
0 8 152
0 9 157
0 10 283
0 11 133
0 12 113
0 13 297
0 14 228
0 15 129
0 16 348
0 17 276
0 18 188
0 19 150
0 20 65
0 21 341
0 22 184
0 23 67
0 24 221
0 25 169
0 26 108
0 27 45
0 28 167
1 0 107
1 2 148
1 3 137
1 4 88
1 5 127
1 6 336
1 7 183
1 8 134
1 9 95
1 10 254
1 11 180
1 12 101
1 13 234
1 14 175
1 15 176
1 16 265
1 17 199
1 18 182
1 19 67
1 20 42
1 21 278
1 22 271
1 23 146
1 24 251
1 25 105
1 26 191
1 27 139
1 28 79
2 0 241
2 1 148
2 3 374
2 4 171
2 5 259
2 6 509
2 7 317
2 8 217
2 9 232
2 10 491
2 11 312
2 12 280
2 13 391
2 14 412
2 15 349
2 16 422
2 17 356
2 18 355
2 19 204
2 20 182
2 21 435
2 22 417
2 23 292
2 24 424
2 25 116
2 26 337
2 27 273
2 28 77
3 0 190
3 1 137
3 2 374
3 4 202
3 5 234
3 6 222
3 7 192
3 8 248
3 9 42
3 10 117
3 11 287
3 12 79
3 13 107
3 14 38
3 15 121
3 16 152
3 17 86
3 18 68
3 19 70
3 20 137
3 21 151
3 22 239
3 23 135
3 24 137
3 25 242
3 26 165
3 27 228
3 28 205
4 0 124
4 1 88
4 2 171
4 3 202
4 5 61
4 6 392
4 7 202
4 8 46
4 9 160
4 10 319
4 11 112
4 12 163
4 13 322
4 14 240
4 15 232
4 16 314
4 17 287
4 18 238
4 19 155
4 20 65
4 21 366
4 22 300
4 23 175
4 24 307
4 25 57
4 26 220
4 27 121
4 28 97
5 0 80
5 1 127
5 2 259
5 3 234
5 4 61
5 6 386
5 7 141
5 8 72
5 9 167
5 10 351
5 11 55
5 12 157
5 13 331
5 14 272
5 15 226
5 16 362
5 17 296
5 18 232
5 19 164
5 20 85
5 21 375
5 22 249
5 23 147
5 24 301
5 25 118
5 26 188
5 27 60
5 28 185
6 0 316
6 1 336
6 2 509
6 3 222
6 4 392
6 5 386
6 7 233
6 8 438
6 9 254
6 10 202
6 11 439
6 12 235
6 13 254
6 14 210
6 15 187
6 16 313
6 17 266
6 18 154
6 19 282
6 20 321
6 21 298
6 22 168
6 23 249
6 24 95
6 25 437
6 26 190
6 27 314
6 28 435
7 0 76
7 1 183
7 2 317
7 3 192
7 4 202
7 5 141
7 6 233
7 8 213
7 9 188
7 10 272
7 11 193
7 12 131
7 13 302
7 14 233
7 15 98
7 16 344
7 17 289
7 18 177
7 19 216
7 20 141
7 21 346
7 22 108
7 23 57
7 24 190
7 25 245
7 26 43
7 27 81
7 28 243
8 0 152
8 1 134
8 2 217
8 3 248
8 4 46
8 5 72
8 6 438
8 7 213
8 9 206
8 10 365
8 11 89
8 12 209
8 13 368
8 14 286
8 15 278
8 16 360
8 17 333
8 18 284
8 19 201
8 20 111
8 21 412
8 22 321
8 23 221
8 24 353
8 25 72
8 26 266
8 27 132
8 28 111
9 0 157
9 1 95
9 2 232
9 3 42
9 4 160
9 5 167
9 6 254
9 7 188
9 8 206
9 10 159
9 11 220
9 12 57
9 13 149
9 14 80
9 15 132
9 16 193
9 17 127
9 18 100
9 19 28
9 20 95
9 21 193
9 22 241
9 23 131
9 24 169
9 25 200
9 26 161
9 27 189
9 28 163
10 0 283
10 1 254
10 2 491
10 3 117
10 4 319
10 5 351
10 6 202
10 7 272
10 8 365
10 9 159
10 11 404
10 12 176
10 13 106
10 14 79
10 15 161
10 16 165
10 17 141
10 18 95
10 19 187
10 20 254
10 21 103
10 22 279
10 23 215
10 24 117
10 25 359
10 26 216
10 27 308
10 28 322
11 0 133
11 1 180
11 2 312
11 3 287
11 4 112
11 5 55
11 6 439
11 7 193
11 8 89
11 9 220
11 10 404
11 12 210
11 13 384
11 14 325
11 15 279
11 16 415
11 17 349
11 18 285
11 19 217
11 20 138
11 21 428
11 22 310
11 23 200
11 24 354
11 25 169
11 26 241
11 27 112
11 28 238
12 0 113
12 1 101
12 2 280
12 3 79
12 4 163
12 5 157
12 6 235
12 7 131
12 8 209
12 9 57
12 10 176
12 11 210
12 13 186
12 14 117
12 15 75
12 16 231
12 17 165
12 18 81
12 19 85
12 20 92
12 21 230
12 22 184
12 23 74
12 24 150
12 25 208
12 26 104
12 27 158
12 28 206
13 0 297
13 1 234
13 2 391
13 3 107
13 4 322
13 5 331
13 6 254
13 7 302
13 8 368
13 9 149
13 10 106
13 11 384
13 12 186
13 14 69
13 15 191
13 16 59
13 17 35
13 18 125
13 19 167
13 20 255
13 21 44
13 22 309
13 23 245
13 24 169
13 25 327
13 26 246
13 27 335
13 28 288
14 0 228
14 1 175
14 2 412
14 3 38
14 4 240
14 5 272
14 6 210
14 7 233
14 8 286
14 9 80
14 10 79
14 11 325
14 12 117
14 13 69
14 15 122
14 16 122
14 17 56
14 18 56
14 19 108
14 20 175
14 21 113
14 22 240
14 23 176
14 24 125
14 25 280
14 26 177
14 27 266
14 28 243
15 0 129
15 1 176
15 2 349
15 3 121
15 4 232
15 5 226
15 6 187
15 7 98
15 8 278
15 9 132
15 10 161
15 11 279
15 12 75
15 13 191
15 14 122
15 16 244
15 17 178
15 18 66
15 19 160
15 20 161
15 21 235
15 22 118
15 23 62
15 24 92
15 25 277
15 26 55
15 27 155
15 28 275
16 0 348
16 1 265
16 2 422
16 3 152
16 4 314
16 5 362
16 6 313
16 7 344
16 8 360
16 9 193
16 10 165
16 11 415
16 12 231
16 13 59
16 14 122
16 15 244
16 17 66
16 18 178
16 19 198
16 20 286
16 21 77
16 22 362
16 23 287
16 24 228
16 25 358
16 26 299
16 27 380
16 28 319
17 0 276
17 1 199
17 2 356
17 3 86
17 4 287
17 5 296
17 6 266
17 7 289
17 8 333
17 9 127
17 10 141
17 11 349
17 12 165
17 13 35
17 14 56
17 15 178
17 16 66
17 18 112
17 19 132
17 20 220
17 21 79
17 22 296
17 23 232
17 24 181
17 25 292
17 26 233
17 27 314
17 28 253
18 0 188
18 1 182
18 2 355
18 3 68
18 4 238
18 5 232
18 6 154
18 7 177
18 8 284
18 9 100
18 10 95
18 11 285
18 12 81
18 13 125
18 14 56
18 15 66
18 16 178
18 17 112
18 19 128
18 20 167
18 21 169
18 22 179
18 23 120
18 24 69
18 25 283
18 26 121
18 27 213
18 28 281
19 0 150
19 1 67
19 2 204
19 3 70
19 4 155
19 5 164
19 6 282
19 7 216
19 8 201
19 9 28
19 10 187
19 11 217
19 12 85
19 13 167
19 14 108
19 15 160
19 16 198
19 17 132
19 18 128
19 20 88
19 21 211
19 22 269
19 23 159
19 24 197
19 25 172
19 26 189
19 27 182
19 28 135
20 0 65
20 1 42
20 2 182
20 3 137
20 4 65
20 5 85
20 6 321
20 7 141
20 8 111
20 9 95
20 10 254
20 11 138
20 12 92
20 13 255
20 14 175
20 15 161
20 16 286
20 17 220
20 18 167
20 19 88
20 21 299
20 22 229
20 23 104
20 24 236
20 25 110
20 26 149
20 27 97
20 28 108
21 0 341
21 1 278
21 2 435
21 3 151
21 4 366
21 5 375
21 6 298
21 7 346
21 8 412
21 9 193
21 10 103
21 11 428
21 12 230
21 13 44
21 14 113
21 15 235
21 16 77
21 17 79
21 18 169
21 19 211
21 20 299
21 22 353
21 23 289
21 24 213
21 25 371
21 26 290
21 27 379
21 28 332
22 0 184
22 1 271
22 2 417
22 3 239
22 4 300
22 5 249
22 6 168
22 7 108
22 8 321
22 9 241
22 10 279
22 11 310
22 12 184
22 13 309
22 14 240
22 15 118
22 16 362
22 17 296
22 18 179
22 19 269
22 20 229
22 21 353
22 23 121
22 24 162
22 25 345
22 26 80
22 27 189
22 28 342
23 0 67
23 1 146
23 2 292
23 3 135
23 4 175
23 5 147
23 6 249
23 7 57
23 8 221
23 9 131
23 10 215
23 11 200
23 12 74
23 13 245
23 14 176
23 15 62
23 16 287
23 17 232
23 18 120
23 19 159
23 20 104
23 21 289
23 22 121
23 24 154
23 25 220
23 26 41
23 27 93
23 28 218
24 0 221
24 1 251
24 2 424
24 3 137
24 4 307
24 5 301
24 6 95
24 7 190
24 8 353
24 9 169
24 10 117
24 11 354
24 12 150
24 13 169
24 14 125
24 15 92
24 16 228
24 17 181
24 18 69
24 19 197
24 20 236
24 21 213
24 22 162
24 23 154
24 25 352
24 26 147
24 27 247
24 28 350
25 0 169
25 1 105
25 2 116
25 3 242
25 4 57
25 5 118
25 6 437
25 7 245
25 8 72
25 9 200
25 10 359
25 11 169
25 12 208
25 13 327
25 14 280
25 15 277
25 16 358
25 17 292
25 18 283
25 19 172
25 20 110
25 21 371
25 22 345
25 23 220
25 24 352
25 26 265
25 27 178
25 28 39
26 0 108
26 1 191
26 2 337
26 3 165
26 4 220
26 5 188
26 6 190
26 7 43
26 8 266
26 9 161
26 10 216
26 11 241
26 12 104
26 13 246
26 14 177
26 15 55
26 16 299
26 17 233
26 18 121
26 19 189
26 20 149
26 21 290
26 22 80
26 23 41
26 24 147
26 25 265
26 27 124
26 28 263
27 0 45
27 1 139
27 2 273
27 3 228
27 4 121
27 5 60
27 6 314
27 7 81
27 8 132
27 9 189
27 10 308
27 11 112
27 12 158
27 13 335
27 14 266
27 15 155
27 16 380
27 17 314
27 18 213
27 19 182
27 20 97
27 21 379
27 22 189
27 23 93
27 24 247
27 25 178
27 26 124
27 28 199
28 0 167
28 1 79
28 2 77
28 3 205
28 4 97
28 5 185
28 6 435
28 7 243
28 8 111
28 9 163
28 10 322
28 11 238
28 12 206
28 13 288
28 14 243
28 15 275
28 16 319
28 17 253
28 18 281
28 19 135
28 20 108
28 21 332
28 22 342
28 23 218
28 24 350
28 25 39
28 26 263
28 27 199
